{
  "tlxi_tlxi_model": {
    "pae_cutoff": 10,
    "dist_cutoff": 10,
    "lis_pae_cutoff": 12,
    "lis_cb_cutoff": 8,
    "A-B": {
      "asym": [
        {
          "chain1": "A",
          "chain2": "B",
          "ipSAE": 0.749277,
          "ipSAE_d0chn": 0.842141,
          "ipSAE_d0dom": 0.837517,
          "ipTM_af": 0.85,
          "ipTM_d0chn": 0.834945,
          "pDockQ": 0.586,
          "pDockQ2": 0.4167,
          "LIS": 0.5066,
          "n0res": 278,
          "n0chn": 564,
          "n0dom": 540,
          "d0res": 6.14,
          "d0chn": 8.35,
          "d0dom": 8.2,
          "nres1": 261,
          "nres2": 279,
          "dist1": 69,
          "dist2": 73
        },
        {
          "chain1": "B",
          "chain2": "A",
          "ipSAE": 0.747618,
          "ipSAE_d0chn": 0.84104,
          "ipSAE_d0dom": 0.836185,
          "ipTM_af": 0.85,
          "ipTM_d0chn": 0.833871,
          "pDockQ": 0.586,
          "pDockQ2": 0.4158,
          "LIS": 0.5042,
          "n0res": 278,
          "n0chn": 564,
          "n0dom": 539,
          "d0res": 6.14,
          "d0chn": 8.35,
          "d0dom": 8.2,
          "nres1": 260,
          "nres2": 279,
          "dist1": 69,
          "dist2": 73
        }
      ],
      "max": {
        "chain1": "A",
        "chain2": "B",
        "ipSAE": 0.749277,
        "ipSAE_d0chn": 0.842141,
        "ipSAE_d0dom": 0.837517,
        "ipTM_af": 0.85,
        "ipTM_d0chn": 0.834945,
        "pDockQ": 0.586,
        "pDockQ2": 0.4167,
        "LIS": 0.5054,
        "n0res": 278,
        "n0chn": 564,
        "n0dom": 540,
        "d0res": 6.14,
        "d0chn": 8.35,
        "d0dom": 8.2,
        "nres1": 279,
        "nres2": 279,
        "dist1": 73,
        "dist2": 73
      },
      "min": {
        "chain1": "A",
        "chain2": "B",
        "ipSAE": 0.747618,
        "ipSAE_d0chn": 0.84104,
        "ipSAE_d0dom": 0.836185,
        "ipTM_af": 0.85,
        "ipTM_d0chn": 0.833871,
        "pDockQ": 0.586,
        "pDockQ2": 0.4158,
        "LIS": 0.5054,
        "n0res": 278,
        "n0chn": 564,
        "n0dom": 539,
        "d0res": 6.14,
        "d0chn": 8.35,
        "d0dom": 8.2,
        "nres1": 261,
        "nres2": 260,
        "dist1": 69,
        "dist2": 69
      },
      "lis_metrics": {
        "LIS": 0.5054,
        "cLIS": 0.7257,
        "LIA": 134389,
        "cLIA": 242,
        "iLIS": 0.6056,
        "iLIA": 5702.8,
        "iLISA": 3453.6,
        "actifpTM": 0.9798
      }
    }
  }
}
